20191013 7 1 349.5492162 5.0 354.565646529 2019-10-13 07:51:07 0.0931590124965 59.7769811351 100.602622986 320.610687256
20191013 14 1 349.5054759 5.0 354.532577674 2019-10-13 08:26:28 0.0903346203268 42.8946768442 118.919403076 372.132843018
20191013 15 1 349.5054759 5.0 354.532614032 2019-10-13 08:40:59 0.0907301530242 41.4274344466 72.8925704956 386.78894043
20191013 16 1 349.5054759 5.0 354.53264971 2019-10-13 08:55:28 0.0911371968687 39.7523519797 67.1106872559 407.021759033
20191013 17 1 349.5054759 5.0 354.532684535 2019-10-13 09:09:58 0.0914503857493 37.8899560945 67.6073760986 417.773345947
20191013 20 1 349.5054759 5.0 354.487859718 2019-10-13 09:36:41 0.0907239727676 54.1705968495 103.464836121 323.552215576
20191013 26 1 349.578973275 5.0 354.563493472 2019-10-13 11:00:08 0.0964361168444 47.7212323576 104.638427734 365.161254883
20191013 44 1 350.4531507 4.13 354.567932495 2019-10-13 14:16:00 0.0935418605804 37.2158540502 91.3584289551 416.718078613
20191013 44 2 350.4531507 4.3219796 354.759903845 2019-10-13 14:16:00 0.0935418605804 37.2158540502 83.1328353882 411.66708374
20191013 45 1 350.44261785 4.13 354.557503811 2019-10-13 14:42:32 0.0938331000507 34.404426054 77.6220474243 437.073181152
20191013 45 2 350.44261785 4.3219796 354.749475217 2019-10-13 14:42:32 0.0938331000507 34.404426054 70.2863769531 431.590393066
20191013 47 1 340.405096875 5.0 345.390395694 2019-10-13 15:13:43 0.0944202840328 31.5245214326 88.2207107544 383.783081055
20191013 47 2 340.405096875 5.2692501 345.659634315 2019-10-13 15:13:43 0.0944202840328 31.5245214326 84.8028640747 384.124908447
20191013 48 1 340.415321175 5.0 345.400554743 2019-10-13 15:30:37 0.0965428128839 29.7173109592 62.4779777527 415.670196533
20191013 48 2 340.415321175 5.2692501 345.669793312 2019-10-13 15:30:37 0.0965428128839 29.7173109592 59.7754402161 415.750427246
20191013 52 1 349.557372225 5.0 354.527801477 2019-10-13 16:05:08 0.102509085089 52.2124599444 105.332321167 365.187805176
20191020 15 1 349.4562393 5.0 354.490468938 2019-10-20 06:24:10 0.190578296781 52.6142209552 109.796211243 747.312194824
20191020 15 2 349.4562393 5.0 354.490011129 2019-10-20 06:24:10 0.190578296781 52.6142209552 101.639793396 734.805175781
20191020 16 1 349.45621095 5.0 354.490469015 2019-10-20 06:38:49 0.183202035725 49.6265298174 91.3065795898 795.716369629
20191020 16 2 349.45621095 5.0 354.490011206 2019-10-20 06:38:49 0.183202035725 49.6265298174 83.6823806763 782.793518066
20191020 17 1 349.50831255 5.0 354.543295117 2019-10-20 06:53:38 0.185871638358 46.6584641976 84.0710983276 843.03704834
20191020 17 2 349.50831255 5.0 354.542837312 2019-10-20 06:53:38 0.185871638358 46.6584641976 76.1108169556 828.837463379
20191020 18 1 349.50828525 5.0 354.543295189 2019-10-20 07:08:24 0.179703317583 43.7017254841 80.8529586792 934.706604004
20191020 18 2 349.50828525 5.0 354.542837385 2019-10-20 07:08:24 0.179703317583 43.7017254841 73.4783248901 918.987976074
20191020 22 1 349.54740465 5.0 354.565875417 2019-10-20 07:38:51 0.203581430018 56.9706536696 102.002922058 788.392028809
20191024 39 1 349.5054759 5.0 354.493407561 2019-10-24 09:28:10 0.132761791348 56.9287662917 180.86026001 525.275146484
20191027 48 1 349.5054759 5.0 354.495308838 2019-10-27 11:36:43 0.138195112348 58.4789014238 132.214874268 465.208648682
20191027 49 1 349.573656375 5.0 354.563493713 2019-10-27 11:51:45 0.134824365377 45.2524838608 101.228775024 600.750915527
20191106 28 1 349.5441579 5.0 354.565875119 2019-11-06 06:36:34 0.316136971116 56.1267942619 117.998092651 1936.69567871
20191106 70 1 349.54002315 5.0 354.523188724 2019-11-06 12:11:56 0.361735418439 73.5236057241 103.58996582 2039.7052002
20191111 19 1 349.5054759 5.0 354.472417467 2019-11-11 15:03:30 0.131579428911 50.2248675605 135.143218994 544.770812988
20191111 20 1 349.5054759 5.0 354.472478 2019-11-11 15:36:59 0.13116594404 57.1930991635 89.3203048706 501.490966797
20191111 23 1 349.56326565 5.0 354.527801936 2019-11-11 16:21:24 0.133794695139 81.0590253339 115.585884094 387.769226074
20191113 30 1 349.5054759 5.0 354.504630431 2019-11-13 06:51:12 0.125500645488 48.072393291 163.32131958 537.437805176
20191113 80 1 349.563475875 5.0 354.527801837 2019-11-13 15:24:52 0.129420250654 71.1345324311 134.629943848 419.364257812
20191113 82 1 349.5054759 5.0 354.472381216 2019-11-13 15:35:07 0.123763129115 56.87423676 130.244903564 483.571350098
20191113 83 1 349.5054759 5.0 354.472448254 2019-11-13 16:08:41 0.123927377164 62.8867147726 77.1222305298 448.105865479
20191115 47 1 349.487338275 5.0 354.47233228 2019-11-15 15:28:32 0.0921223126352 36.915643793 132.621032715 488.980194092
20191115 51 1 349.5054759 5.0 354.472350001 2019-11-15 15:58:39 0.0933384820819 60.9343054239 184.961517334 379.094696045
20191115 52 1 349.5054759 5.0 354.472421609 2019-11-15 16:32:37 0.0924154408276 65.6190497555 120.549087524 361.285125732
20191115 55 1 349.5054759 5.0 354.472521294 2019-11-15 17:17:55 0.0899239778519 68.1453931727 165.212982178 336.355163574
20191115 56 1 349.5054759 5.0 354.472598383 2019-11-15 17:52:26 0.0878293924034 66.5455001896 118.561759949 335.562561035
20191115 59 1 349.563116025 5.0 354.527801864 2019-11-15 18:40:16 0.0846686512232 58.1889833633 191.256546021 335.891021729
20191125 30 1 349.5054759 5.0 354.511594252 2019-11-25 06:59:14 0.146022416651 55.8256563341 114.759208679 553.749694824
20191125 75 1 349.56304845 5.0 354.527801988 2019-11-25 16:05:28 0.0992439091206 82.5088880269 122.415298462 268.225067139
20191125 79 1 349.56300585 5.0 354.527801962 2019-11-25 16:24:25 0.0947897471488 79.620909129 141.735610962 260.084106445
20191125 81 1 349.5054759 5.0 354.472294257 2019-11-25 16:36:23 0.0793185085058 60.7924302967 100.815971375 284.854644775
20191125 82 1 349.5054759 5.0 354.47237006 2019-11-25 17:10:19 0.0816918835044 61.0891706062 74.4623718262 267.734710693
20191126 7 1 349.563059475 5.0 354.527802165 2019-11-26 15:15:41 0.0710228830576 79.9109898649 135.455062866 240.867645264
20191126 9 1 349.5054759 5.0 354.472159677 2019-11-26 15:27:07 0.0671492554247 53.6635425899 93.3082809448 292.707733154
20191126 10 1 349.5054759 5.0 354.472229948 2019-11-26 16:00:42 0.0596961583942 57.7635242757 124.979408264 265.49899292
20191202 19 1 351.787287825 5.0 356.792670918 2019-12-02 08:41:24 0.177586384118 47.353382627 107.29851532 853.588256836
20191202 23 1 351.7135473 5.0 356.705564661 2019-12-02 09:09:00 0.187198147178 61.6185071769 118.266700745 707.21685791
20191202 24 1 351.7134993 5.0 356.705564673 2019-12-02 09:26:35 0.189426258206 66.1247821042 118.530258179 735.695617676
20191202 27 1 351.7134156 5.0 356.705564441 2019-12-02 10:01:47 0.185739576817 73.4719290281 116.19077301 636.726257324
20191202 28 1 351.71336295 5.0 356.705564514 2019-12-02 10:19:50 0.180736005306 77.4708326939 116.531036377 607.263305664
20191202 38 1 351.711010725 5.0 356.701931082 2019-12-02 12:21:25 0.191162325442 66.0332464559 114.024337769 697.252990723
20191202 41 1 351.71300775 5.0 356.705564408 2019-12-02 12:39:00 0.196109540761 65.3831154982 121.809188843 820.384460449
20191202 42 1 351.71295855 5.0 356.705564388 2019-12-02 12:57:26 0.208557032049 60.6958651083 119.781181335 892.476928711
20191205 46 1 349.51608765 5.0 354.510084082 2019-12-05 09:43:30 0.28941680491 38.2281044953 114.349494934 2360.18725586
20191205 46 2 349.51608765 5.0 354.509626308 2019-12-05 09:43:30 0.28941680491 38.2281044953 108.716041565 2331.02514648
20191205 47 1 349.5160725 5.0 354.510084038 2019-12-05 09:58:23 0.317239165306 38.736985602 122.364738464 2625.8503418
20191205 47 2 349.5160725 5.0 354.509626263 2019-12-05 09:58:23 0.317239165306 38.736985602 115.382026672 2601.06323242
20191205 53 1 349.55667645 5.0 354.56349439 2019-12-05 10:41:41 0.335772737861 38.6833303257 116.491218567 3677.81958008
20191207 49 1 349.561102875 5.0 354.52780223 2019-12-07 15:59:15 0.0578244999051 75.1759054172 161.720748901 247.209411621
20191207 53 1 349.5054759 5.0 354.472760988 2019-12-07 16:20:55 0.0678228698671 52.1603055278 144.56237793 275.873687744
20191208 35 1 349.55547825 5.0 354.563494424 2019-12-08 09:18:07 0.145868606865 44.5429016912 220.225997925 721.658447266
20191208 45 1 351.707929575 5.0 356.701931112 2019-12-08 10:14:04 0.149783588946 67.3953547475 177.507965088 602.374938965
20191208 48 1 351.70965345 5.0 356.705564795 2019-12-08 10:30:42 0.155087009072 81.686713728 169.667999268 669.640563965
20191208 49 1 351.7095975 5.0 356.705564647 2019-12-08 10:48:14 0.153272919357 81.1164194129 145.621734619 580.296203613
20191211 21 1 349.5054759 5.0 354.519926045 2019-12-11 05:25:35 0.100046940148 53.4419956685 216.687545776 432.795013428
20191212 15 1 349.5054759 5.0 354.520379429 2019-12-12 05:08:02 0.108588647097 51.5642198237 217.188247681 474.116455078
20191214 28 1 351.704829675 5.0 356.701931247 2019-12-14 07:39:22 0.206836007535 42.2074233903 202.693893433 1338.65002441
20191214 29 1 351.7063398 5.0 356.705564928 2019-12-14 07:47:04 0.220047429204 53.5026433485 158.262191772 1165.87353516
20191214 30 1 351.7062912 5.0 356.705564849 2019-12-14 08:06:19 0.217264793813 58.4664458573 144.424972534 1073.88806152
20191216 43 1 349.5170403 5.0 354.523189499 2019-12-16 08:04:23 0.241617843509 65.9222649586 186.496795654 1024.60083008
20191216 46 1 349.50325815 5.0 354.501250035 2019-12-16 08:20:26 0.202691435814 32.1437053996 191.663452148 1945.48327637
20191216 46 2 349.50325815 5.0 354.500792256 2019-12-16 08:20:26 0.202691435814 32.1437053996 180.584152222 1907.69787598
20191216 47 1 349.50324645 5.0 354.501250075 2019-12-16 08:35:25 0.210226818919 32.7583968199 158.874710083 1952.08215332
20191216 47 2 349.50324645 5.0 354.500792296 2019-12-16 08:35:25 0.210226818919 32.7583968199 147.631362915 1914.29382324
20191216 48 1 349.5032346 5.0 354.501250008 2019-12-16 08:50:20 0.204498954117 33.3106913529 154.421157837 1693.76989746
20191216 48 2 349.5032346 5.0 354.500792229 2019-12-16 08:50:20 0.204498954117 33.3106913529 144.15032959 1660.21081543
20191216 49 1 349.50322245 5.0 354.501249872 2019-12-16 09:05:11 0.205025881529 33.8003339609 150.357009888 1665.65917969
20191216 49 2 349.50322245 5.0 354.500792093 2019-12-16 09:05:11 0.205025881529 33.8003339609 140.394302368 1631.78796387
20191216 76 1 351.702924075 5.0 356.701931316 2019-12-16 12:34:16 0.165118210018 53.7253478499 202.094390869 753.601623535
20191216 77 1 351.7043604 5.0 356.705564884 2019-12-16 12:40:39 0.15962535888 52.2998094782 147.093566895 776.892150879
20191216 78 1 351.704319 5.0 356.705564799 2019-12-16 12:58:15 0.15545912087 47.703384298 146.184295654 826.334777832
20191216 79 1 351.7042806 5.0 356.705564786 2019-12-16 13:19:46 0.149717971683 43.1281001391 142.531021118 877.003173828
20191216 80 1 351.7042449 5.0 356.705564941 2019-12-16 13:37:18 0.133327379823 38.5480026904 139.596450806 799.682495117
20191218 14 1 349.54417785 5.0 354.565645932 2019-12-18 04:38:37 0.0394210070372 47.0055203673 150.362091064 230.187225342
20191218 15 1 350.3812218 4.13 354.529065668 2019-12-18 04:44:49 0.0386893749237 41.0510133909 113.648834229 243.534515381
20191218 15 2 350.3812218 4.3219796 354.721054914 2019-12-18 04:44:49 0.0386893749237 41.0510133909 106.848381042 241.178268433
20191218 16 1 340.34532375 5.0 345.362736326 2019-12-18 05:13:28 0.0433064326644 34.2765423035 161.035171509 266.387969971
20191218 16 2 340.34532375 5.2692501 345.631999981 2019-12-18 05:13:28 0.0433064326644 34.2765423035 156.110519409 264.193115234
20191218 20 1 350.381171025 4.13 354.529065635 2019-12-18 05:44:49 0.0438168700784 27.5601092781 120.65852356 296.531280518
20191218 20 2 350.381171025 4.3219796 354.721054913 2019-12-18 05:44:49 0.0438168700784 27.5601092781 113.54611969 293.390655518
20191218 50 1 351.702064725 5.0 356.701931354 2019-12-18 10:31:31 0.0453280899674 70.3695208072 159.0262146 237.177703857
20191218 51 1 351.70340865 5.0 356.705565003 2019-12-18 10:38:20 0.0460124444216 77.52994649 141.23840332 221.359786987
20191218 52 1 351.703353 5.0 356.705564788 2019-12-18 10:57:32 0.0452127214521 73.2901495775 123.079109192 226.63092041
20191218 58 1 351.698902725 5.0 356.700936482 2019-12-18 11:46:40 0.0441831350327 55.282585245 185.76348877 239.349639893
20191218 61 1 351.7031976 5.0 356.705565015 2019-12-18 12:03:25 0.0441364571452 59.1288410204 152.467910767 251.401321411
20191218 62 1 351.7031523 5.0 356.705564781 2019-12-18 12:21:12 0.0438017304987 54.5262500542 140.469543457 243.191009521
20191218 63 1 351.7031226 5.0 356.70556486 2019-12-18 12:42:54 0.0429422929883 51.2979424672 149.335952759 242.048461914
20191222 13 1 351.699931125 5.0 356.701931425 2019-12-22 09:07:34 0.126290969551 65.8453434224 187.777526855 519.418762207
20191222 16 1 351.7011054 5.0 356.705564946 2019-12-22 09:23:55 0.137744858861 80.6704924979 187.656112671 583.850769043
20191222 17 1 351.70105755 5.0 356.705565041 2019-12-22 09:41:45 0.139379270375 81.8665404293 140.938186646 555.717102051
20191222 18 1 351.70100025 5.0 356.705564913 2019-12-22 09:59:58 0.143106162548 80.4497752457 129.047805786 609.973571777
20191222 19 1 351.7009425 5.0 356.705565078 2019-12-22 10:24:46 0.139967106283 77.1367718005 154.637939453 548.468933105
20191222 20 1 351.70088625 5.0 356.705564985 2019-12-22 10:44:19 0.125229336321 72.7672984862 131.93838501 472.153533936
20191222 24 1 351.70078485 5.0 356.705564909 2019-12-22 11:27:30 0.122205112129 63.7656576788 180.750045776 551.836120605
20191222 25 1 351.700737 5.0 356.705565037 2019-12-22 11:45:30 0.135440438986 59.1460311931 146.218948364 598.755004883
20191222 28 1 351.699440625 5.0 356.701931485 2019-12-22 12:17:10 0.133546747267 52.3782506536 199.089828491 602.793579102
20191222 33 1 351.7006155 5.0 356.705564862 2019-12-22 12:43:36 0.160816289484 46.08809881 167.283706665 1133.80334473
20191222 34 1 351.7005783 5.0 356.705565102 2019-12-22 13:01:00 0.166577517986 41.5374485821 135.582382202 1110.06005859
20191222 35 1 351.70054365 5.0 356.705564949 2019-12-22 13:22:22 0.169936716557 36.973827499 133.344650269 1191.52905273
20191222 36 1 351.7005117 5.0 356.705564899 2019-12-22 13:39:57 0.171197332442 32.3759181357 139.718582153 1420.12524414
20191231 8 1 349.55295375 5.0 354.52780263 2019-12-31 15:43:15 0.0509747620672 57.2934158687 106.21849823 211.89012146
20191231 11 1 349.5054759 5.0 354.475400996 2019-12-31 16:04:11 0.0463254693896 33.6278600765 103.164115906 256.125091553
20191231 12 1 349.5054759 5.0 354.475464318 2019-12-31 16:37:19 0.0420469008386 32.0609390164 109.515419006 251.281265259
20200122 9 1 349.54047015 5.0 354.563494759 2020-01-22 07:10:49 0.0770430639386 40.7304451952 92.0559310913 356.2059021
20200122 13 1 351.70089525 5.0 356.728020309 2020-01-22 07:29:13 0.0864705704153 69.1939762845 112.062561035 289.405029297
20200122 14 1 351.7008771 5.0 356.728020279 2020-01-22 07:38:10 0.0853306017816 68.0406326388 122.50881958 290.038970947
20200122 15 1 351.70085925 5.0 356.728020104 2020-01-22 07:47:07 0.0850721299648 66.7808802936 122.201400757 291.303161621
20200122 16 1 351.7008417 5.0 356.728020158 2020-01-22 07:56:05 0.08407561481 65.4359674733 115.335945129 288.532470703
20200122 21 1 351.769432875 5.0 356.7926715 2020-01-22 08:30:22 0.0774379745126 32.7277646932 114.234321594 440.195281982
20200122 30 1 351.700702125 5.0 356.7280201 2020-01-22 09:12:33 0.0857857652009 51.8271445888 114.499214172 339.614593506
20200122 31 1 351.70068765 5.0 356.728020331 2020-01-22 09:21:18 0.0844933986664 50.1321432186 110.781005859 344.078033447
20200122 32 1 351.700673775 5.0 356.728020212 2020-01-22 09:30:00 0.083163253963 48.4429221048 110.834983826 343.766693115
20200122 33 1 351.70066035 5.0 356.728020287 2020-01-22 09:38:39 0.0821082852781 46.747799841 115.997810364 347.712219238
20200122 34 1 351.700647375 5.0 356.728020136 2020-01-22 09:47:17 0.0810691565275 45.0491618569 114.85131073 354.054656982
20200122 35 1 351.700634925 5.0 356.728020167 2020-01-22 09:55:53 0.0803598761558 43.3480318402 106.788154602 357.822998047
20200122 36 1 351.700622475 5.0 356.728020224 2020-01-22 10:04:47 0.0793575309217 41.5762970133 111.318367004 364.442443848
20200122 37 1 351.70061085 5.0 356.728020152 2020-01-22 10:13:26 0.0798427350819 39.8641676888 109.636657715 379.339874268
20200122 43 1 351.683958975 5.0 356.71285908 2020-01-22 10:53:56 0.0770425051451 32.1102690556 100.149162292 435.054718018
20200201 13 1 351.697834725 5.0 356.728020174 2020-02-01 04:36:40 0.114095207304 65.3960021267 125.30947113 393.659881592
20200201 14 1 351.697818225 5.0 356.728020242 2020-02-01 04:45:21 0.113728284836 66.7063259546 106.585914612 382.793029785
20200201 16 1 351.697799925 5.0 356.728020404 2020-02-01 04:54:55 0.115715734661 68.0506912724 102.798118591 357.21383667
20200201 17 1 351.697783125 5.0 356.728020261 2020-02-01 05:03:33 0.119198411703 69.1546955637 105.080299377 381.395721436
20200203 10 1 351.72210405 5.0 356.751883576 2020-02-03 04:30:02 0.0908743664622 62.2466034004 121.532249451 282.270629883
20200203 14 1 351.697227825 5.0 356.72802035 2020-02-03 04:58:39 0.0920840203762 69.503234538 101.085716248 267.803009033
20200203 15 1 351.69721125 5.0 356.728020327 2020-02-03 05:07:08 0.0913919582963 70.4365107739 107.155265808 264.012176514
20200203 16 1 351.6971949 5.0 356.728020398 2020-02-03 05:15:35 0.0900780782104 71.2251782474 98.3916625977 256.710510254
20200203 17 1 351.697178475 5.0 356.728020381 2020-02-03 05:23:50 0.0889887958765 71.8588134468 105.81842041 252.542510986
20200203 18 1 351.697161975 5.0 356.728020346 2020-02-03 05:32:08 0.0856079719961 72.3302235528 102.65032196 245.673309326
20200203 19 1 351.697145475 5.0 356.728020286 2020-02-03 05:40:28 0.0838142037392 72.624616408 104.064468384 242.966766357
20200203 20 1 351.697128975 5.0 356.728020367 2020-02-03 05:48:44 0.0836693570018 72.731489747 95.1204223633 244.25402832
20200203 21 1 351.69711225 5.0 356.728020449 2020-02-03 05:57:05 0.0829121917486 72.6449087063 93.5671386719 241.959472656
20200203 27 1 351.7218627 5.0 356.751883377 2020-02-03 06:30:31 0.0724028646946 73.1743385066 117.853286743 219.804458618
